txHash,blockTimeUnix,changeType,ISC Balance Change,prevBalance,newBalance
4PLRfJKFZC4n2S2gxmwrpEkM4bHEd6Am1qa7ZevgRHvy7eLqgDjaykesVdH56d6x8fJyJfGYJdUj2h5bZrz2VDvA,1679929604,dec,-15.38,55237.82,55222.44
3HzKQm6qUh2GicthL5NJYuyFxr7W278KZCX2jMmx2o1c9oUgTByvZBHuDiyreJoDvb8Hqi1tzVmCRwdPHn1Uer7J,1679927935,dec,-758.85,55996.67,55237.82
2hAjURtCtQn4Y7pZTsSanizJP1faM4ypsq3HET4i1AZNHmsWVcCFz15fMGWUnMSSZrYM5YjpsV5Tmsp1i5vo5dkK,1679927170,dec,-103.13,56099.8,55996.67
351ByFvB7W5LjL4WG87d4ih8s7y4NMtC5vuHR2PT7X1PW5mVinFKdGKecbe3cbKweVpXLabcBCHAk1nQMDNWG3VT,1679593088,dec,-57.31,56157.11,56099.8
66jdcqrSEVsGpuWV7RbrSTYZvG27rRYyqWLA4wg2PDEWpFc7C5GhoH9HEQ4gLogtN4GxKLBLUJHrsWrbzQtLwhMV,1679499676,dec,-1.93,56159.04,56157.11
iicQabk5EubXvDmbC24UczVfMRGkrWNGeiZ4CehzRyyCMQcAjgVJkRcRwNjhvfKXNSLWHxyxYmcaYTk5o6kKfjL,1679407880,dec,-756.78,56915.82,56159.04
ptPdovkmLQY8pHSeEcmhbsQAbZcJ1eJkiubiNhn8sQeKKJieECqfy7PsLfKF5DsMtwFbkeCfGjz7bLJfn7mi1gA,1679308245,dec,-100.5,57016.32,56915.82
BdhSsGRvH3H4zFD2mM2j9gnZY7LqrQotkJHNf9PmrQR4NuwJWFiJ1dUaBtRNLwJjA8cbjGpJitP441FH9hFRkZU,1679300610,dec,-148.75,57165.07,57016.32
3QCKmaC88VWazyk4qSSwnmBsc3dA5LaCdxDvZ9TtAe53WwC3HpRYyuvM24CgYakQiqD9oH4j7NmNMgLDdxDFt52k,1679283458,inc,347.08,56817.99,57165.07
2BrcjFFyYnxn6nk98hAvx97Co2Z9WgFUiG9wi83n4pfXvYQE4bBHZ4wXcceYvxyCmhT27WKfe29bS6hvhTRDfh21,1679247425,inc,13.57,56804.42,56817.99
5MwkCt49Tc8v5RNHqcocaGkCeFN6xowQvzRdZ4guSorCBi75A2jbnKDVHxTygvJpw1F55UGNUoSmiKWzGRLfsnvb,1679247118,dec,-13.57,56817.99,56804.42
3Nd99CtM72q7sLjXeKqjJeiNyc8AnrHtf46ef2M7hvJ22ub8M2UNnYQhViHp1akMNt2uuSPSumxBxiHhfgR8Rpx7,1679225505,dec,-15.42,56833.41,56817.99
2mbeLZBiJVx1GghJBvtytrLF69X62F8p9RZUNmxugTAqivFvUvgP3bcymPC4NTgEoEaevUd64H2DLjojdew9srfq,1679223538,dec,-347.08,57180.49,56833.41
3FbXQkuUZWosypfjYKQVJbNvbfgmmM62rWq4sw4UZg18e7Dxvp8Xi7v44hZN4NXPqbSLeb9tn3usEewoYsmmubXS,1679215260,dec,-1.29,57181.78,57180.49
HcUu6BMek7r5UrpBJbwhvBuvFMm7xXEkdbgUMoexoER9ddmcYDx1mes9vgQf8DqnDaTno3KSRvqzMCmvLSSQz12,1679213667,dec,-105.99,57287.77,57181.78
25VXijNqvaDwieQ38EK3YLe9jcPo3SGs3HtwbwqKPCVDB9TSzpQYxtQGVN3ha3wfQMQxKF2HX22NVnaYH3PY3cH4,1679211781,dec,-41.79,57329.56,57287.77
3pTbb6vCiy14jgMZvNxi6VgYPuP2AhfZEJTZ4yW2hiAPMaJkAqgV3DmiaNBrziXM7G75PuWMRrimP4BrpTwmRa5y,1679211589,dec,-425.96,57755.52,57329.56
5q7jakSS92hnZEdwZM4uDPCRei7KqXPtSgDVnuhrYuZYWfxejgnhF223yHJfsgpvmRkUmrcvCCG2qxzT4Wmnhwr6,1679211540,dec,-433.88,58189.4,57755.52
4po2BpABT8YeH4gQGRPenMGtWkoy1vkk2YkB1WRey25qWck2qWQubrsuW2TKHYBh2f27g1xhmsUDiPA1XLeRMJd2,1679211378,inc,3.24,58186.16,58189.4
3KubNGtAtsA5YZvZvHfVYumP2JRG5UxP366RxcenXN5uwikBVftKDSJc2i7H9fPu2Y3ndp5u15BfWP6R4kXJmjd4,1679211364,dec,-1.62,58187.78,58186.16
5TLZ31wKrwLUeNaZfZttMS7rLu8VFKeoy7qF5fxjLZsbmfVqvGUr5qBKbu34dzP6GdoGmZGxQZoQhFddxAVoqg9S,1679211326,dec,-1.62,58189.4,58187.78
2UTwAXA1AryymKKv7iK7UorfXi2kYo2mKQDXCzDGjTMbMv34t4TzzoAN7waz5Gk9Duh44Sg5kJHP3zEgS16Gaa8F,1679203029,inc,25862,32327.4,58189.4
4Y8aZ99AGKs1QgbFW62tcb7ymnzcYnAn1okkTsPGy4aeX1oZq7FQLsfBMUHd3EakFf3eGEKi7EQabPW2j83rz5oD,1679203025,inc,12931,19396.4,32327.4
2LKJKbkyktWtMzqowpxDUsqPPmvvx8PEyDXJf2m6c77Y3KcXDhcBU2DKjC5ZWB25VmL1eJTrTochWLKSi8FKLoLd,1679203023,dec,12931,6465.4,19396.4
YVK681KEJMs33QuJsiMcvSP3MPX2Az77nNa8tbyqbrfypNboBsnYKjp1GggnqUbRbJUbRXFJDUFDMk7qeNcjfj8,1679203020,inc,1473.05,4992.35,6465.4
2pwhpDuLSeBrjcmfZMApHw2UCTW3DY15JaMxKnUjFeqK9Bz9fGdcBdu5d2LGmgTiT392srrZAkht7WdYMyy7huvR,1679198864,dec,-0.64,4992.99,4992.35
RQzGpg6Pqvk5M94yuCcuL4wNpnEbkQjSRdpbQEU7H2rna6R8YXv1E4Wset1H6xqeYsXdwhGxeGovwkj2KsJbrsj,1679198606,dec,-6.46,4999.45,4992.99
3y9yNNMj2EMkH2rgHyxQkPTXiW86U7zXfq6ig2cjGhJMijzZzAmkKRYxYb47kaEd41GTFbqsy3ztXmBFKEKFJBW6,1679198115,dec,-0.06,4999.51,4999.45
2DjfrbuTLhSdfmEtm3op9nDBxDMuDh6nu8NZ5WAhL65cFfKuzWhAs3wjdKyyTZvuzHNToQUbVLjNnFP612uAth6,1679181418,inc,0.4,4999.11,4999.51
2ViNJmTifkj9uJgLv8jc5hKozKswgoPohJUQVN1NoT8WTyGdZF8sQ53mZYnjoZ8G7SddWWaEjagfxDvXqd3FFeVf,1679181382,dec,-0.99,5000.1,4999.11
2Cfodo1ZctGB2pKMc9k5AYy9CuLcuwyxXjzRkWfeDnHBnrPSnscDJjS78qt7o2q2QAd2mvDGBqQNvki8gvsuQVwB,1679159880,inc,0.1,5000,5000.1
2JtDcz2Wtz1xUjU71MZ4UQnUPtscLJEKecKYYxnSYhkrw2oosq6MKhvEXUmZ4jQ4573HT1iuBizAfgeU3YUJpXHh,1679155508,inc,2000,3000,5000
nCMc51qVXaCTazhusNgjNDaz9bBjGV6G7tm55gNFjKUWWDGzFBM5y9ndhEGGmKaQRWcF134uHGJYCpSSNCfFuj8,1679155505,inc,2000,1000,3000
FUroXbykkaV36VPBwnMpmzA7nvq2Em3gJAy7Z3HceTbP9N3KX6QJ6kAPUF6XDEfyTTSHUeJKooPGxD9PnqVzGA2,1679155502,dec,995,5,1000
21u9suUyEnehVa3MUpQczUh7dMYdB2zThm1b8YgXBmg1FGWk53RnvQcZiJxpfb5R9kF63W87UGjHsPEpmuHNpBga,1679149449,inc,2,3,5
WRMPJDCwqtfkny4AZ5CHv9prS43rt51WxE4DBRmzsSHPHc8hFYMuFqkdPuxgtXVDZ9nGZVAHzFnEbmsJzTNd8r3,1679149445,inc,1.93,1.07,3
3o8bBPYYYmWT1EgZ5PToqkoJVH6i5rNSZwYQ22PUgjZhFxkJpCDzCHUHRAyXSzWJWdSDTG5Q1qoPMosSzUDwt6FC,1679122043,inc,0.07,1,1.07
3SFiVm7viGN6duZai6RMQruPDcXFwA7xVXWNEs4y4pyhckZ4vU8Thk9DcuZzUW3yLHorxvk4vFF5SDrYDCiKTkVH,1679115474,dec,0.91,0.09,1
36V6sLBLNhdhS61EWmDx13pimjHre7aR21TrKGKk4d8Q2ADgfrVAiFrih1CND7WxrVbv6FsXPieaByKQsfS87xpm,1679113652,inc,-0.99,1.08,0.09
Qccv3D74gsXL4ZVQsRku9nES73jEYKDNcNBJxygXJSGvNTgZ2SSMvD97EzU14PGGRBx17EPQYK6GqEidzG1wDrj,1679110389,inc,0.08,1,1.08
4SLCTrhDP8FKCcoY5G31tzK9VBqyhectinaLFEzJvfmDTraPpDKSWHdfvM9hoXpvGBL9YTGegnTPSFtP4dr9T8ni,1679108656,dec,0.06,0.94,1
5H8nN15rxAmE9ye4QcDLfZcfmuuU5r72g7xhHSHrLW1GwC5hCKm6XHUkbuFVbfiyn39qpoUmurxGZm7NTzNLoEo4,1679107602,inc,0.03,0.91,0.94
5Ug9tvQ491jw9HKQQR9ecbJyVXRJ2uTJiVvwWRtSrautfPZCK7C2gVYt8q6GAEMzAYxb5CEXPYDm3EJoojkegwH1,1679105450,inc,0.91,0,0.91
4m7sMrdLXmv2597Z5G1boyZnraGRWrU5aKUXJbqhSykiqQtprodngRFooqrMpovpCVfowg2GUkbCPYkykNYRo11r,1679105395,dec,-1.94,1.94,0
25hFihkGP4d8eXs6Y299N19yebHX4mPkL4rqojXQVzfmydF87pSv88n7dSjrwjuQDPA2J438LQbGzymUpWUEvSfx,1679105123,dec,0.99,0.95,1.94
izhM2pmRpsJPmRWKzP5Jzw1R4F9GrKf7Q5V5v9D7EiiitJcF3TKUTfi52D89yGrmWGCU4x7DBGpf6ng96n8YDtc,1679104735,inc,0.45,0.5,0.95
5yfUbWXFa4dTo2bdgLfUMBVTTU2w1ZUuWMr7EustGySCKy63uEJSGvHUSonPR6NND6cnSfLHBSfcz96xj7HRXijK,1679104431,inc,0.5,0,0.5
6UtieNcCrgeMn2kUmyg3Pi1Xsaav2BNrS7ruD3csKEi7iW5Tq9qwd8rnN8CpJVdPGrEDtokbotZnBixS2cgH5yr,1679083101,dec,-1,1,0
4e8YDhZCKGEvnr8qr4whk66v9oBWxbsJPCfNEuERA1EmuYS4nCdBi1AqVM45YGMBVdfjzRWUBcUcZpK5BiRvykWa,1679082094,inc,1,0,1
3M1WEVoQQGaudvqWPFs5wevGfaGmUR1An7HgcQgXXzPyZCUjbwXsg4SELY21KBPz3NBYRtVjf94B1Rk1NEGRgkw9,1679078642,inc,0,0,0
